# cline: mcl /Users/gnickles/Documents/GN_Botany563/orthofinder_tutorial/OrthoFinder/ExampleData/OrthoFinder/Results_Feb23/WorkingDirectory/OrthoFinder_graph.txt "-I" "1.5" "-o" "/Users/gnickles/Documents/GN_Botany563/orthofinder_tutorial/OrthoFinder/ExampleData/OrthoFinder/Results_Feb23/WorkingDirectory/clusters_OrthoFinder_I1.5.txt" "-te" "1" "-V" "all"
(mclheader
mcltype matrix
dimensions 2733x1117
)
(mclmatrix
begin
0    1017 1019 1020 1021 1022 1023 1024 1025 1026 1027 1028 1029 1030
       1031 1032 1033 1035 1036 1170 1171 1172 1173 1174 1175 1176
       1177 1178 1179 1180 1181 1182 1183 1184 1186 1262 1263 1264
       1265 1266 1267 1270 1271 1272 1297 1298 1440 1441 1442 1443
       1444 1445 1446 1447 1448 1449 $
1    142 228 236 238 245 355 421 423 426 545 546 547 548 549 550 551
       699 705 762 763 764 765 766 767 768 769 770 773 774 775 776
       777 778 779 785 $
2    259 325 534 535 627 814 841 860 1054 1204 1428 1429 1596 1647
       1763 1764 1876 1890 1891 2002 2054 2056 2315 2316 2416 2504 $
3    21 101 152 206 344 369 376 452 501 532 544 553 703 751 781 $
4    157 1090 2075 2076 2077 2078 2340 2356 2357 2365 2366 2392 2438
       2603 $
5    915 917 928 929 930 985 986 988 1065 1251 1252 1253 1254 $
6    2 3 147 223 499 1046 1167 1897 1915 1933 2189 $
7    429 526 555 697 1107 1399 1708 1850 1852 2263 2487 $
8    799 895 970 974 975 1118 1120 1168 1599 1782 2123 $
9    19 20 22 132 350 417 424 425 707 797 $
10   628 633 634 636 637 638 639 640 643 644 $
11   272 298 299 1547 1563 1564 2491 2671 2678 $
12   1101 2368 2388 2493 2547 2572 2595 2606 2620 $
13   173 808 1259 1580 1585 1785 2088 2166 $
14   174 591 1258 1579 1586 1786 2087 2585 $
15   730 789 1041 1339 1791 1961 2073 2510 $
16   987 1086 1098 1268 1315 1316 1317 1503 $
17   109 430 807 1475 2021 2031 2190 $
18   215 227 709 935 936 1038 2433 $
19   916 918 919 927 984 1526 1527 $
20   1557 1558 1559 1560 1561 1565 1566 $
21   2157 2165 2253 2324 2428 2548 2720 $
22   2158 2164 2254 2323 2427 2549 2719 $
23   11 154 155 235 798 2663 $
24   168 972 977 978 1064 2035 $
25   273 300 1549 1562 2670 2679 $
26   292 309 470 654 1731 2152 $
27   297 341 342 373 474 649 $
28   327 1318 1554 2000 2036 2586 $
29   437 438 856 1774 2063 2064 $
30   518 851 1769 1846 2421 2422 $
31   2090 2409 2410 2411 2467 2495 $
32   2618 2621 2654 2656 2657 2659 $
33   0 720 822 2057 2059 $
34   16 17 1332 1333 1855 $
35   18 242 250 603 604 $
36   53 1145 1412 1888 2089 $
37   103 1358 1359 1659 2556 $
38   136 507 1473 1886 2561 $
39   137 508 1329 1947 2560 $
40   196 973 979 1601 2463 $
41   204 1488 1695 2206 2617 $
42   243 244 677 2183 2596 $
43   294 296 472 650 652 $
44   414 527 1436 1629 2139 $
45   533 1427 1765 1889 2317 $
46   617 759 1295 1983 2516 $
47   803 1062 1144 1914 2037 $
48   809 904 1485 1707 2439 $
49   815 840 1646 2055 2505 $
50   1404 1405 1406 1715 2039 $
51   1408 1413 1894 1896 1927 $
52   2079 2342 2358 2364 2394 $
53   2146 2374 2391 2453 2454 $
54   13 1439 1702 2664 $
55   14 1438 1703 2665 $
56   15 1437 1704 2666 $
57   26 475 920 2522 $
58   37 1533 1838 2698 $
59   38 1532 1837 2697 $
60   42 1500 1634 2694 $
61   44 908 2023 2592 $
62   45 909 2024 2591 $
63   46 1417 1903 2419 $
64   49 829 2050 2709 $
65   50 1574 1591 2710 $
66   51 1575 1590 2264 $
67   54 1578 1587 2303 $
68   56 826 2053 2732 $
69   57 827 2052 2731 $
70   58 828 2051 2730 $
71   59 1323 1857 2306 $
72   63 913 1611 2589 $
73   65 1200 1777 2325 $
74   66 1461 1679 2186 $
75   67 1201 1778 2326 $
76   68 1126 1986 2278 $
77   70 1115 1925 2220 $
78   71 1116 1926 2221 $
79   72 1423 1950 2100 $
80   73 1256 1826 2528 $
81   77 1515 1603 2072 $
82   79 1518 1663 2512 $
83   80 1519 1664 2511 $
84   84 1152 1935 2198 $
85   87 1474 2030 2144 $
86   90 1571 1668 2155 $
87   91 1303 1684 2156 $
88   93 1327 1861 2171 $
89   94 1326 1860 2172 $
90   96 1325 1859 2558 $
91   97 1324 1858 2559 $
92   98 1375 2015 2178 $
93   99 983 1609 2304 $
94   104 1357 1660 2555 $
95   105 1356 1661 2554 $
96   106 1355 1662 2553 $
97   111 960 1988 2634 $
98   112 1235 1982 2215 $
99   114 1233 1980 2213 $
100  115 1433 1632 2212 $
101  116 1232 1979 2211 $
102  117 1287 1912 2716 $
103  118 1056 1870 2440 $
104  124 1311 1622 2600 $
105  125 1310 1623 2599 $
106  126 1309 1624 2598 $
107  128 968 1953 2327 $
108  134 1418 1921 2727 $
109  139 1419 1922 2501 $
110  141 1321 1801 2182 $
111  143 1389 1892 2122 $
112  150 151 724 2477 $
113  153 1212 1824 2204 $
114  159 1068 1848 2638 $
115  160 1067 1847 2639 $
116  166 1496 1970 2061 $
117  176 1185 1246 2650 $
118  178 1497 1971 2712 $
119  179 1425 1640 2711 $
120  183 849 1648 2480 $
121  184 1111 1941 2662 $
122  189 1349 1714 2408 $
123  191 1288 1913 2715 $
124  194 993 1884 2066 $
125  198 1300 1687 2091 $
126  200 1493 1690 2208 $
127  203 1490 1693 2207 $
128  213 1153 1934 2086 $
129  216 1456 1948 2472 $
130  217 1455 1949 2473 $
131  222 901 2013 2161 $
132  224 712 1081 2434 $
133  225 711 1082 2435 $
134  226 710 1083 2436 $
135  230 1464 1675 2702 $
136  231 1463 1676 2701 $
137  232 1331 1729 2700 $
138  248 1368 1652 2110 $
139  249 907 2022 2111 $
140  252 1328 1862 2137 $
141  254 1228 1834 2115 $
142  255 1229 1835 2114 $
143  256 1230 1836 2113 $
144  258 1053 1875 2415 $
145  260 1055 1877 2417 $
146  262 850 1654 2141 $
147  264 1486 1705 2335 $
148  265 1467 1672 2347 $
149  267 1465 1674 2345 $
150  268 1302 1685 2660 $
151  271 1553 1839 2318 $
152  278 380 458 667 $
153  281 377 461 664 $
154  285 286 465 660 $
155  288 466 658 2299 $
156  289 467 657 2298 $
157  290 468 656 701 $
158  305 1508 1509 2532 $
159  313 1219 1829 2470 $
160  316 1074 1696 2468 $
161  319 1299 1688 2540 $
162  322 1353 1606 2479 $
163  324 626 825 1597 $
164  326 836 1388 2686 $
165  329 1069 1849 2635 $
166  330 1489 1694 2588 $
167  333 1347 1999 2302 $
168  334 1061 2038 2580 $
169  336 1040 1790 2594 $
170  337 1307 1626 2693 $
171  339 1394 1712 2648 $
172  352 1397 1709 2647 $
173  353 997 1966 2646 $
174  359 1134 1997 2102 $
175  360 1135 1996 2103 $
176  361 1136 1995 2104 $
177  362 1137 1994 2105 $
178  363 1138 1993 2106 $
179  364 1139 1992 2107 $
180  365 1140 1991 2108 $
181  382 1213 1825 2581 $
182  383 1276 1853 2704 $
183  385 1131 1610 2583 $
184  391 1237 1810 2460 $
185  393 1239 1808 2459 $
186  394 1240 1807 2458 $
187  395 1275 1910 2604 $
188  396 1330 1909 2605 $
189  400 857 1655 2705 $
190  401 906 2010 2149 $
191  404 1516 1604 2344 $
192  406 844 2045 2314 $
193  407 1014 1869 2723 $
194  411 942 1878 2257 $
195  412 941 1879 2256 $
196  413 939 1882 2482 $
197  431 992 1885 2714 $
198  432 1335 1958 2465 $
199  440 834 1618 2414 $
200  441 833 1613 2413 $
201  442 1007 1616 2295 $
202  443 1006 1615 2294 $
203  448 1128 2008 2708 $
204  449 1129 2007 2707 $
205  453 1073 1653 2320 $
206  476 921 1215 2521 $
207  483 1369 2506 2507 $
208  484 848 1621 2668 $
209  490 1196 1779 2181 $
210  491 1197 1780 2180 $
211  492 1198 1781 2179 $
212  493 914 1722 2649 $
213  496 1403 1720 2128 $
214  497 1000 1946 2636 $
215  503 831 1969 2070 $
216  505 892 2047 2192 $
217  511 1495 1643 2191 $
218  513 1209 1821 2117 $
219  516 1194 1788 2121 $
220  519 852 1770 2423 $
221  520 853 1771 2424 $
222  521 854 1772 2425 $
223  522 855 1773 2426 $
224  525 1292 1975 2096 $
225  528 1434 1631 2138 $
226  529 1435 1630 2584 $
227  530 1431 2020 2160 $
228  536 1479 1762 2223 $
229  537 1480 1761 2224 $
230  538 1481 1760 2225 $
231  539 1482 1759 2226 $
232  540 1484 1757 2228 $
233  541 891 1756 2229 $
234  542 890 1755 2230 $
235  543 889 1754 2231 $
236  556 888 1753 2232 $
237  557 887 1752 2233 $
238  558 886 1751 2234 $
239  559 885 1750 2235 $
240  560 884 1749 2236 $
241  561 883 1748 2237 $
242  562 882 1747 2238 $
243  563 881 1746 2239 $
244  564 880 1745 2240 $
245  565 879 1744 2241 $
246  566 878 1743 2242 $
247  567 877 1742 2243 $
248  568 876 1741 2244 $
249  569 875 1740 2245 $
250  570 874 1739 2246 $
251  571 873 1738 2247 $
252  572 872 1737 2248 $
253  573 871 1736 2249 $
254  574 870 1735 2250 $
255  575 869 1734 2251 $
256  577 962 1942 2109 $
257  578 1314 1928 2094 $
258  579 1217 1831 2502 $
259  582 1208 1820 2188 $
260  583 1206 1818 2187 $
261  586 1169 1783 2069 $
262  587 1193 1787 2068 $
263  588 956 1843 2508 $
264  589 1382 1898 2633 $
265  592 595 598 1538 $
266  605 1569 2049 2196 $
267  607 1306 1627 2503 $
268  609 1124 1628 2112 $
269  613 1146 1887 2542 $
270  620 1379 1671 2130 $
271  621 1380 1670 2131 $
272  622 1381 1669 2132 $
273  641 1420 1923 2651 $
274  645 1048 1929 2674 $
275  646 1047 1930 2675 $
276  675 967 1952 2676 $
277  676 966 1951 2677 $
278  678 894 1718 2262 $
279  679 1343 1964 2202 $
280  681 1334 1945 2159 $
281  682 1478 2034 2338 $
282  683 1477 2033 2337 $
283  684 1476 2032 2336 $
284  687 899 2018 2524 $
285  715 952 1920 2526 $
286  722 1070 1851 2405 $
287  733 1151 1936 2517 $
288  736 902 2012 2067 $
289  738 1372 1638 2313 $
290  739 1576 1589 2312 $
291  740 1577 1588 2311 $
292  742 1452 1716 2309 $
293  743 1453 2009 2308 $
294  745 1430 2019 2652 $
295  749 1075 1697 2333 $
296  750 910 2025 2590 $
297  753 1011 1863 2170 $
298  754 933 1725 2641 $
299  756 931 1723 2642 $
300  758 1517 1614 2667 $
301  760 1460 1680 2725 $
302  782 839 1721 2150 $
303  784 949 1957 2474 $
304  786 1458 1682 2083 $
305  787 1459 1681 2082 $
306  790 1241 1799 2690 $
307  791 1242 1798 2689 $
308  792 1243 1797 2688 $
309  794 980 1917 2125 $
310  795 981 1918 2124 $
311  800 934 1726 2640 $
312  801 1125 2042 2118 $
313  805 958 1845 2195 $
314  806 957 1844 2194 $
315  810 1285 1641 2321 $
316  816 845 2044 2261 $
317  817 1521 1666 2260 $
318  818 1520 1665 2259 $
319  1003 1005 1775 1776 $
320  1015 1811 1812 2136 $
321  1132 1649 1650 1987 $
322  1345 1401 1899 1978 $
323  2289 2562 2571 2573 $
324  2292 2565 2574 2577 $
325  2381 2395 2398 2399 $
326  2478 2484 2513 2514 $
327  31 1362 2270 $
328  32 1363 2269 $
329  33 1364 2268 $
330  34 1365 2267 $
331  35 1366 2272 $
332  36 1367 2271 $
333  40 1502 1636 $
334  55 1422 1924 $
335  61 317 2538 $
336  85 1340 2199 $
337  89 1572 1667 $
338  121 1249 2385 $
339  123 1767 2578 $
340  130 1342 1963 $
341  135 1570 1595 $
342  148 371 372 $
343  149 2367 2455 $
344  156 162 163 $
345  171 1494 1689 $
346  175 1398 2529 $
347  201 1492 1691 $
348  202 1491 1692 $
349  205 208 819 $
350  212 1009 2332 $
351  219 938 2328 $
352  251 1199 2153 $
353  253 1226 2116 $
354  274 454 671 $
355  275 455 670 $
356  276 456 669 $
357  277 457 668 $
358  279 459 666 $
359  280 460 665 $
360  282 462 663 $
361  283 463 662 $
362  284 464 661 $
363  291 469 655 $
364  293 471 653 $
365  295 473 651 $
366  302 1505 2535 $
367  303 1506 2534 $
368  306 1510 2531 $
369  307 1511 2530 $
370  343 345 374 $
371  349 629 673 $
372  381 1225 1832 $
373  403 1112 2699 $
374  418 698 704 $
375  433 1336 1959 $
376  434 1337 1960 $
377  436 1231 2210 $
378  444 1393 2169 $
379  445 959 2706 $
380  478 923 2520 $
381  479 924 2519 $
382  480 1432 1633 $
383  593 599 1536 $
384  602 1218 1830 $
385  618 832 2637 $
386  685 948 1956 $
387  694 2430 2613 $
388  714 897 2148 $
389  716 1974 2525 $
390  723 1195 2437 $
391  725 1096 2550 $
392  726 1095 2551 $
393  727 1094 2552 $
394  741 1451 2310 $
395  746 1472 2537 $
396  793 1244 1796 $
397  804 1060 1874 $
398  835 1619 2644 $
399  862 1817 2275 $
400  863 1816 2276 $
401  864 1815 2277 $
402  893 2005 2006 $
403  954 1651 2631 $
404  955 1567 2279 $
405  963 1260 1943 $
406  1002 1004 1108 $
407  1018 1034 1269 $
408  1049 1050 1657 $
409  1110 1940 2582 $
410  1223 1827 1828 $
411  1277 1278 2483 $
412  1301 1686 2092 $
413  1322 1800 2167 $
414  1346 1895 2014 $
415  1409 1414 1900 $
416  1483 1758 2227 $
417  1522 1644 2544 $
418  1880 1977 2355 $
419  2084 2386 2587 $
420  2120 2579 2713 $
421  2173 2176 2274 $
422  2174 2177 2273 $
423  2291 2564 2575 $
424  2353 2476 2515 $
425  2450 2451 2452 $
426  2492 2717 2718 $
427  2497 2498 2500 $
428  2653 2655 2658 $
429  2681 2684 2721 $
430  1 2060 $
431  4 2360 $
432  6 2361 $
433  7 2362 $
434  8 2363 $
435  12 397 $
436  25 1087 $
437  28 119 $
438  41 2695 $
439  48 1119 $
440  60 2305 $
441  62 1468 $
442  64 1371 $
443  69 1600 $
444  74 2222 $
445  76 2071 $
446  82 446 $
447  102 2557 $
448  127 2597 $
449  161 783 $
450  164 625 $
451  167 2062 $
452  170 2209 $
453  180 181 $
454  185 2297 $
455  187 2406 $
456  193 994 $
457  197 2462 $
458  210 1535 $
459  211 1534 $
460  214 2085 $
461  218 2293 $
462  220 2329 $
463  221 2330 $
464  229 2703 $
465  233 234 $
466  241 1099 $
467  246 2680 $
468  257 323 $
469  263 2372 $
470  269 2216 $
471  287 659 $
472  304 1507 $
473  310 409 $
474  320 2539 $
475  335 2673 $
476  351 2481 $
477  368 2672 $
478  386 2346 $
479  388 2255 $
480  416 2627 $
481  422 427 $
482  428 2301 $
483  447 2420 $
484  451 2040 $
485  477 922 $
486  481 2464 $
487  482 2217 $
488  488 2319 $
489  495 2095 $
490  510 1247 $
491  552 780 $
492  580 2185 $
493  585 1392 $
494  597 1539 $
495  600 601 $
496  612 2461 $
497  619 2687 $
498  624 2265 $
499  686 2691 $
500  688 2331 $
501  690 2488 $
502  691 2489 $
503  692 2490 $
504  693 2429 $
505  695 2431 $
506  696 2432 $
507  721 2404 $
508  729 2401 $
509  731 2201 $
510  732 2200 $
511  788 2081 $
512  820 2058 $
513  858 2004 $
514  859 2003 $
515  861 2001 $
516  865 1813 $
517  866 1814 $
518  868 1717 $
519  900 2017 $
520  905 2011 $
521  932 1724 $
522  937 1727 $
523  944 945 $
524  946 1954 $
525  947 1955 $
526  950 2296 $
527  971 976 $
528  989 1937 $
529  995 1968 $
530  996 1967 $
531  998 1965 $
532  1008 1865 $
533  1010 1864 $
534  1016 2509 $
535  1042 1792 $
536  1057 1871 $
537  1058 1872 $
538  1059 1873 $
539  1079 1868 $
540  1084 2359 $
541  1092 2080 $
542  1097 1100 $
543  1102 1931 $
544  1114 1117 $
545  1123 2041 $
546  1141 1990 $
547  1147 2412 $
548  1148 1793 $
549  1149 1794 $
550  1156 1803 $
551  1163 1289 $
552  1202 2610 $
553  1207 1819 $
554  1210 1822 $
555  1227 1833 $
556  1283 1284 $
557  1290 1973 $
558  1293 1976 $
559  1304 1683 $
560  1308 1625 $
561  1313 1713 $
562  1319 1984 $
563  1320 1985 $
564  1341 1962 $
565  1350 1608 $
566  1360 1908 $
567  1374 2016 $
568  1390 1893 $
569  1395 1711 $
570  1396 1710 $
571  1410 1415 $
572  1416 1902 $
573  1424 1639 $
574  1426 1766 $
575  1450 1620 $
576  1469 1617 $
577  1471 1883 $
578  1501 1635 $
579  1512 1513 $
580  1514 1602 $
581  1524 2546 $
582  1544 1545 $
583  1555 1598 $
584  1568 2048 $
585  1581 1584 $
586  1582 1583 $
587  1605 1642 $
588  1612 1678 $
589  1698 2203 $
590  1881 2354 $
591  2027 2028 $
592  2145 2373 $
593  2147 2375 $
594  2266 2728 $
595  2282 2288 $
596  2285 2567 $
597  2286 2568 $
598  2290 2563 $
599  2341 2393 $
600  2379 2380 $
601  2389 2390 $
602  2445 2448 $
603  2446 2449 $
604  2619 2622 $
605  2625 2628 $
606  2682 2685 $
607  5 $
608  9 $
609  10 $
610  23 $
611  24 $
612  27 $
613  29 $
614  30 $
615  39 $
616  43 $
617  47 $
618  52 $
619  75 $
620  78 $
621  81 $
622  83 $
623  86 $
624  88 $
625  92 $
626  95 $
627  100 $
628  107 $
629  108 $
630  110 $
631  113 $
632  120 $
633  122 $
634  129 $
635  131 $
636  133 $
637  138 $
638  140 $
639  144 $
640  145 $
641  146 $
642  158 $
643  165 $
644  169 $
645  172 $
646  177 $
647  182 $
648  186 $
649  188 $
650  190 $
651  192 $
652  195 $
653  199 $
654  207 $
655  209 $
656  237 $
657  239 $
658  240 $
659  247 $
660  261 $
661  266 $
662  270 $
663  301 $
664  308 $
665  311 $
666  312 $
667  314 $
668  315 $
669  318 $
670  321 $
671  328 $
672  331 $
673  332 $
674  338 $
675  340 $
676  346 $
677  347 $
678  348 $
679  354 $
680  356 $
681  357 $
682  358 $
683  366 $
684  367 $
685  370 $
686  375 $
687  378 $
688  379 $
689  384 $
690  387 $
691  389 $
692  390 $
693  392 $
694  398 $
695  399 $
696  402 $
697  405 $
698  408 $
699  410 $
700  415 $
701  419 $
702  420 $
703  435 $
704  439 $
705  450 $
706  485 $
707  486 $
708  487 $
709  489 $
710  494 $
711  498 $
712  500 $
713  502 $
714  504 $
715  506 $
716  509 $
717  512 $
718  514 $
719  515 $
720  517 $
721  523 $
722  524 $
723  531 $
724  554 $
725  576 $
726  581 $
727  584 $
728  590 $
729  594 $
730  596 $
731  606 $
732  608 $
733  610 $
734  611 $
735  614 $
736  615 $
737  616 $
738  623 $
739  630 $
740  631 $
741  632 $
742  635 $
743  642 $
744  647 $
745  648 $
746  672 $
747  674 $
748  680 $
749  689 $
750  700 $
751  702 $
752  706 $
753  708 $
754  713 $
755  717 $
756  718 $
757  719 $
758  728 $
759  734 $
760  735 $
761  737 $
762  744 $
763  747 $
764  748 $
765  752 $
766  755 $
767  757 $
768  761 $
769  771 $
770  772 $
771  796 $
772  802 $
773  811 $
774  812 $
775  813 $
776  821 $
777  823 $
778  824 $
779  830 $
780  837 $
781  838 $
782  842 $
783  843 $
784  846 $
785  847 $
786  867 $
787  896 $
788  898 $
789  903 $
790  911 $
791  912 $
792  925 $
793  926 $
794  940 $
795  943 $
796  951 $
797  953 $
798  961 $
799  964 $
800  965 $
801  969 $
802  982 $
803  990 $
804  991 $
805  999 $
806  1001 $
807  1012 $
808  1013 $
809  1037 $
810  1039 $
811  1043 $
812  1044 $
813  1045 $
814  1051 $
815  1052 $
816  1063 $
817  1066 $
818  1071 $
819  1072 $
820  1076 $
821  1077 $
822  1078 $
823  1080 $
824  1085 $
825  1088 $
826  1089 $
827  1091 $
828  1093 $
829  1103 $
830  1104 $
831  1105 $
832  1106 $
833  1109 $
834  1113 $
835  1121 $
836  1122 $
837  1127 $
838  1130 $
839  1133 $
840  1142 $
841  1143 $
842  1150 $
843  1154 $
844  1155 $
845  1157 $
846  1158 $
847  1159 $
848  1160 $
849  1161 $
850  1162 $
851  1164 $
852  1165 $
853  1166 $
854  1187 $
855  1188 $
856  1189 $
857  1190 $
858  1191 $
859  1192 $
860  1203 $
861  1205 $
862  1211 $
863  1214 $
864  1216 $
865  1220 $
866  1221 $
867  1222 $
868  1224 $
869  1234 $
870  1236 $
871  1238 $
872  1245 $
873  1248 $
874  1250 $
875  1255 $
876  1257 $
877  1261 $
878  1273 $
879  1274 $
880  1279 $
881  1280 $
882  1281 $
883  1282 $
884  1286 $
885  1291 $
886  1294 $
887  1296 $
888  1305 $
889  1312 $
890  1338 $
891  1344 $
892  1348 $
893  1351 $
894  1352 $
895  1354 $
896  1361 $
897  1370 $
898  1373 $
899  1376 $
900  1377 $
901  1378 $
902  1383 $
903  1384 $
904  1385 $
905  1386 $
906  1387 $
907  1391 $
908  1400 $
909  1402 $
910  1407 $
911  1411 $
912  1421 $
913  1454 $
914  1457 $
915  1462 $
916  1466 $
917  1470 $
918  1487 $
919  1498 $
920  1499 $
921  1504 $
922  1523 $
923  1525 $
924  1528 $
925  1529 $
926  1530 $
927  1531 $
928  1537 $
929  1540 $
930  1541 $
931  1542 $
932  1543 $
933  1546 $
934  1548 $
935  1550 $
936  1551 $
937  1552 $
938  1556 $
939  1573 $
940  1592 $
941  1593 $
942  1594 $
943  1607 $
944  1637 $
945  1645 $
946  1656 $
947  1658 $
948  1673 $
949  1677 $
950  1699 $
951  1700 $
952  1701 $
953  1706 $
954  1719 $
955  1728 $
956  1730 $
957  1732 $
958  1733 $
959  1768 $
960  1784 $
961  1789 $
962  1795 $
963  1802 $
964  1804 $
965  1805 $
966  1806 $
967  1809 $
968  1823 $
969  1840 $
970  1841 $
971  1842 $
972  1854 $
973  1856 $
974  1866 $
975  1867 $
976  1901 $
977  1904 $
978  1905 $
979  1906 $
980  1907 $
981  1911 $
982  1916 $
983  1919 $
984  1932 $
985  1938 $
986  1939 $
987  1944 $
988  1972 $
989  1981 $
990  1989 $
991  1998 $
992  2026 $
993  2029 $
994  2043 $
995  2046 $
996  2065 $
997  2074 $
998  2093 $
999  2097 $
1000 2098 $
1001 2099 $
1002 2101 $
1003 2119 $
1004 2126 $
1005 2127 $
1006 2129 $
1007 2133 $
1008 2134 $
1009 2135 $
1010 2140 $
1011 2142 $
1012 2143 $
1013 2151 $
1014 2154 $
1015 2162 $
1016 2163 $
1017 2168 $
1018 2175 $
1019 2184 $
1020 2193 $
1021 2197 $
1022 2205 $
1023 2214 $
1024 2218 $
1025 2219 $
1026 2252 $
1027 2258 $
1028 2280 $
1029 2281 $
1030 2283 $
1031 2284 $
1032 2287 $
1033 2300 $
1034 2307 $
1035 2322 $
1036 2334 $
1037 2339 $
1038 2343 $
1039 2348 $
1040 2349 $
1041 2350 $
1042 2351 $
1043 2352 $
1044 2369 $
1045 2370 $
1046 2371 $
1047 2376 $
1048 2377 $
1049 2378 $
1050 2382 $
1051 2383 $
1052 2384 $
1053 2387 $
1054 2396 $
1055 2397 $
1056 2400 $
1057 2402 $
1058 2403 $
1059 2407 $
1060 2418 $
1061 2441 $
1062 2442 $
1063 2443 $
1064 2444 $
1065 2447 $
1066 2456 $
1067 2457 $
1068 2466 $
1069 2469 $
1070 2471 $
1071 2475 $
1072 2485 $
1073 2486 $
1074 2494 $
1075 2496 $
1076 2499 $
1077 2518 $
1078 2523 $
1079 2527 $
1080 2533 $
1081 2536 $
1082 2541 $
1083 2543 $
1084 2545 $
1085 2566 $
1086 2569 $
1087 2570 $
1088 2576 $
1089 2593 $
1090 2601 $
1091 2602 $
1092 2607 $
1093 2608 $
1094 2609 $
1095 2611 $
1096 2612 $
1097 2614 $
1098 2615 $
1099 2616 $
1100 2623 $
1101 2624 $
1102 2626 $
1103 2629 $
1104 2630 $
1105 2632 $
1106 2643 $
1107 2645 $
1108 2661 $
1109 2669 $
1110 2683 $
1111 2692 $
1112 2696 $
1113 2722 $
1114 2724 $
1115 2726 $
1116 2729 $
)
